-310
-307
-270
-256
-246
-235
-232
-236
-251
-266
-270
-272
-274
-269
-251
-245
-251
-271
-298
-325
-343
-356
-355
-336
-294
-257
-222
-180
-141
-101
-42
41
136
257
386
461
512
500
405
284
178
79
-5
-54
-77
-108
-147
-190
-229
-268
-293
-305
-311
-310
-294
-287
-282
-277
-273
-276
-276
-274
-264
-247
-231
-222
-231
-242
-256
-273
-277
-278
-275
-266
-248
-235
-231
-235
-246
-264
-275
-276
-269
-258
-238
-229
-225
-232
-237
-253
-263
-265
-261
-252
-239
-236
-232
-230
-240
-256
-262
-261
-253
-247
-229
-219
-218
-223
-235
-244
-254
-262
-248
-243
-226
-213
-200
-210
-217
-238
-245
-247
-251
-241
-221
-210
-202
-206
-212
-228
-235
-238
-232
-221
-202
-193
-186
-186
-190
-210
-216
-215
-214
-203
-180
-171
-163
-166
-167
-183
-188
-191
-191
-180
-159
-145
-131
-127
-139
-159
-169
-167
-156
-144
-123
-111
-100
-101
-107
-120
-128
-127
-121
-114
-96
-90
-84
-87
-92
-111
-123
-132
-131
-129
-113
-111
-115
-134
-144
-166
-177
-190
-192
-187
-182
-177
-181
-195
-201
-230
-246
-253
-251
-252
-238
-231
-226
-232
-240
-262
-274
-284
-279
-270
-250
-242
-237
-240
-248
-270
-279
-282
-280
-279
-264
-254
-254
-256
-256
-274
-285
-288
-284
-271
-259
-249
-245
-246
-257
-278
-289
-299
-295
-285
-270
-260
-254
-251
-250
-270
-285
-292
-292
-284
-270
-260
-252
-256
-262
-278
-289
-294
-291
-282
-266
-257
-253
-254
-259
-274
-289
-294
-289
-289
-270
-252
-251
-257
-265
-279
-289
-293
-296
-294
-272
-260
-250
-250
-262
-283
-296
-301
-297
-294
-275
-266
-257
-260
-266
-286
-298
-304
-303
-295
-276
-265
-263
-266
-267
-283
-296
-306
-303
-305
-280
-269
-267
-265
-268
-293
-308
-314
-312
-307
-286
-279
-276
-273
-283
-297
-305
-315
-312
-310
-292
-285
-276
-275
-277
-294
-306
-313
-315
-313
-292
-276
-273
-277
-278
-298
-308
-318
-318
-315
-291
-284
-274
-277
-283
-301
-314
-318
-322
-322
-311
-291
-278
-282
-286
-308
-318
-323
-324
-317
-300
-289
-280
-282
-285
-304
-312
-320
-322
-325
-307
-291
-280
-285
-290
-307
-319
-327
-323
-316
-303
-288
-287
-288
-294
-313
-328
-334
-328
-325
-306
-294
-286
-285
-288
-310
-328
-332
-327
-325
-310
-300
-294
-296
-293
-310
-319
-323
-323
-323
-311
-298
-287
-284
-284
-299
-321
-327
-326
-324
-313
-301
-297
-291
-290
-311
-322
-332
-333
-330
-315
-303
-295
-294
-292
-313
-325
-337
-332
-329
-315
-298
-291
-290
-299
-313
-328
-340
-339
-335
-312
-303
-296
-300
-299
-311
-315
-322
-323
-318
-294
-281
-274
-276
-277
-289
-301
-313
-317
-307
-281
-268
-261
-258
-254
-262
-272
-282
-284
-289
-277
-262
-250
-248
-250
-276
